(3.271275043487549, 161.84909057617188)	,2.6734471321105957,48.617462158203125,0.020416393876075745,12059391,-1
(3.4871318340301514, 147.21426391601562)	,2.7738113403320312,29.57061767578125,0.013625221326947212,14746367,-1
(4.983028888702393, 167.1464385986328)	,6.313476085662842,247.3511962890625,0.023081107065081596,7340800,-1
(5.003347396850586, 118.55894470214844)	,4.018917083740234,163.9686279296875,0.034308962523937225,8126720,-1
(5.72667121887207, 346.8897399902344)	,4.686244487762451,185.68240356445312,0.022311557084321976,2556416,-1
(5.81823205947876, 201.45980834960938)	,5.434672832489014,48.82733154296875,0.03197179362177849,13238784,-1
(5.81823205947876, 201.45980834960938)	,5.434672832489014,236.76773071289062,0.03197179362177849,13238784,-1
(5.89166784286499, 298.6756896972656)	,2.9153101444244385,87.13873291015625,0.022283239290118217,1639423,-1
(5.905452728271484, 322.2818298339844)	,3.107828378677368,257.84893798828125,0.026437394320964813,6226943,-1
(6.705853462219238, 304.84130859375)	,5.895057201385498,183.2774200439453,0.05309414863586426,2425600,-1
(7.161157608032227, 80.73216247558594)	,5.088266849517822,170.373046875,0.03413949906826019,8454656,-1
(7.802812576293945, 227.43402099609375)	,5.981719017028809,35.7503662109375,0.044193413108587265,3474176,-1
(7.844881534576416, 242.47073364257812)	,5.24844217300415,327.5616760253906,0.042052071541547775,10748416,-1
(8.613486289978027, 55.440860748291016)	,6.233957767486572,247.74017333984375,0.02782905288040638,6423296,-1
(8.626873970031738, 46.90021514892578)	,5.041957378387451,247.1651153564453,0.029910720884799957,7799296,-1
(9.434835433959961, 132.05604553222656)	,4.870786190032959,240.67886352539062,0.023396091535687447,5308928,-1
(9.474603652954102, 121.22494506835938)	,7.072369575500488,344.19647216796875,0.03737367317080498,15598336,-1
(10.445051193237305, 112.58291625976562)	,3.9001011848449707,29.726898193359375,0.021702269092202187,5964032,-1
(10.451333045959473, 24.47088623046875)	,8.021888732910156,186.39662170410156,0.041009195148944855,7995649,-1
(11.702253341674805, 168.5572967529297)	,3.1864328384399414,231.56044006347656,0.013595682568848133,8061951,-1
(12.307010650634766, 39.96742630004883)	,4.066755294799805,185.96514892578125,0.03131255879998207,8978688,-1
(12.34848403930664, 271.4919738769531)	,10.958882331848145,262.61376953125,0.08640170842409134,13828609,-1
(12.34848403930664, 271.4919738769531)	,10.958882331848145,297.7451477050781,0.08640170842409134,13828609,-1
(12.638250350952148, 95.20370483398438)	,5.087213516235352,221.68450927734375,0.03391847386956215,8454656,-1
(12.650528907775879, 212.55075073242188)	,12.510205268859863,68.010009765625,0.03296421095728874,6685441,-1
(12.650528907775879, 212.55075073242188)	,12.510205268859863,306.68505859375,0.03296421095728874,6685441,-1
(14.18532657623291, 310.4071044921875)	,6.816444396972656,183.53189086914062,0.0383908674120903,12911360,-1
(14.196394920349121, 149.5184783935547)	,6.399898529052734,97.5704345703125,0.03727276250720024,8323840,-1
(14.231826782226562, 535.1505737304688)	,9.602356910705566,329.712158203125,0.030972976237535477,4260353,-1
(14.30594539642334, 282.6751403808594)	,4.0306267738342285,258.17596435546875,0.03736690804362297,8323328,-1
(14.325516700744629, 139.3331298828125)	,6.537289619445801,98.65603637695312,0.025468142703175545,9896704,-1
(14.325516700744629, 139.3331298828125)	,6.537289619445801,248.37747192382812,0.025468142703175545,9896704,-1
(14.52396011352539, 77.55025482177734)	,4.6162567138671875,37.81060791015625,0.024058550596237183,1442304,-1
(14.52396011352539, 77.55025482177734)	,4.6162567138671875,325.4635925292969,0.024058550596237183,1442304,-1
(14.592004776000977, 260.28753662109375)	,3.8489151000976562,93.15444946289062,0.036256298422813416,4980992,-1
(14.823311805725098, 177.40924072265625)	,12.97528076171875,62.559783935546875,0.027173805981874466,9372417,-1
(15.143199920654297, 358.51776123046875)	,12.436841011047363,45.27337646484375,0.03723360598087311,6292225,-1
(16.66891098022461, 203.71315002441406)	,5.983466625213623,326.3077697753906,0.035269152373075485,3474176,-1
(16.739627838134766, 59.623374938964844)	,5.255504131317139,3.349334716796875,0.03463307395577431,10813952,-1
(17.035573959350586, 86.30094146728516)	,5.106386661529541,329.52020263671875,0.03793803229928017,8716800,-1
(17.12372589111328, 188.12648010253906)	,5.812902450561523,39.849090576171875,0.03353319317102432,1377024,-1
(17.592754364013672, 317.439453125)	,9.417506217956543,327.09735107421875,0.034882087260484695,2884097,-1
(17.78996467590332, 69.25048828125)	,4.968193054199219,40.01275634765625,0.026026124134659767,6750720,-1
(18.079328536987305, 235.1632080078125)	,12.582284927368164,51.802093505859375,0.09148299694061279,7144193,-1
(18.079328536987305, 235.1632080078125)	,12.582284927368164,128.56634521484375,0.09148299694061279,7144193,-1
(18.079328536987305, 235.1632080078125)	,12.582284927368164,245.54702758789062,0.09148299694061279,7144193,-1
(18.079328536987305, 235.1632080078125)	,12.582284927368164,309.5335388183594,0.09148299694061279,7144193,-1
(19.221660614013672, 101.844482421875)	,7.420025825500488,93.05938720703125,0.026461604982614517,2359553,-1
(19.836027145385742, 21.383075714111328)	,5.893412113189697,139.8583984375,0.024995854124426842,2360064,-1
(20.46525001525879, 155.2281036376953)	,5.387173175811768,194.09884643554688,0.027184082195162773,12583424,-1
(20.64069175720215, 114.18485260009766)	,8.384061813354492,172.82723999023438,0.05960521474480629,11206913,-1
(20.64069175720215, 114.18485260009766)	,8.384061813354492,344.48565673828125,0.05960521474480629,11206913,-1
(21.05909538269043, 50.21467971801758)	,5.961357116699219,324.76007080078125,0.03996666148304939,3212032,-1
(21.404504776000977, 340.63824462890625)	,24.3101749420166,68.2413330078125,0.029418732970952988,4588290,-1
(21.8118839263916, 105.88636016845703)	,3.090198278427124,82.94232177734375,0.018097231164574623,5833727,-1
(21.8308048248291, 4.841760158538818)	,5.226073741912842,326.9039611816406,0.017047369852662086,10420736,-1
(21.939350128173828, 129.8604736328125)	,3.079573392868042,266.46484375,0.019917279481887817,5571583,-1
(22.001785278320312, 246.3831024169922)	,4.132041931152344,241.37432861328125,0.039913732558488846,10158336,-1
(22.093292236328125, 375.1521301269531)	,13.861279487609863,41.388092041015625,0.062098681926727295,14091009,-1
(22.093292236328125, 375.1521301269531)	,13.861279487609863,339.592041015625,0.062098681926727295,14091009,-1
(22.300661087036133, 223.9547119140625)	,3.8331055641174316,120.10835266113281,0.03812769427895546,4718848,-1
(22.675031661987305, 34.126129150390625)	,4.123866081237793,24.14605712890625,0.033029086887836456,9961728,-1
(23.711591720581055, 166.56549072265625)	,5.8855767250061035,321.3756103515625,0.023842357099056244,2294528,-1
(23.768884658813477, 318.3013916015625)	,4.18574857711792,331.52191162109375,0.037931401282548904,11075840,-1
(24.14596176147461, 271.5009765625)	,6.447497844696045,179.24314880371094,0.047655053436756134,8913664,-1
(24.405336380004883, 304.0570373535156)	,4.567996501922607,33.7799072265625,0.03800829127430916,655872,-1
(25.994789123535156, 229.04734802246094)	,5.111690521240234,108.5816650390625,0.04287196323275566,8782336,-1
(25.994789123535156, 229.04734802246094)	,5.111690521240234,181.58262634277344,0.04287196323275566,8782336,-1
(26.285539627075195, 78.86322784423828)	,10.588687896728516,36.90167236328125,0.08074010163545609,11338241,-1
(26.285539627075195, 78.86322784423828)	,10.588687896728516,130.384033203125,0.08074010163545609,11338241,-1
(26.285539627075195, 78.86322784423828)	,10.588687896728516,241.6962127685547,0.08074010163545609,11338241,-1
(27.168537139892578, 282.11602783203125)	,6.192866325378418,315.8630676269531,0.025053596124053,5964544,-1
(27.434465408325195, 543.9833984375)	,20.489505767822266,191.9693603515625,0.07047560811042786,8978946,-1
(29.138017654418945, 67.81061553955078)	,3.3992650508880615,105.18928527832031,0.02669893577694893,12715007,-1
(29.531415939331055, 7.918673038482666)	,3.7020351886749268,334.12060546875,0.032582830637693405,2162944,-1
(29.780122756958008, 567.8663330078125)	,6.872572422027588,199.39547729492188,0.06150510534644127,13501184,-1
(29.780122756958008, 567.8663330078125)	,6.872572422027588,328.115234375,0.06150510534644127,13501184,-1
(29.881309509277344, 90.1824722290039)	,4.133198261260986,246.5863494873047,0.027862699702382088,10158336,-1
(29.933517456054688, 254.4519805908203)	,15.701214790344238,121.40789794921875,0.043914783746004105,6422786,-1
(29.933517456054688, 254.4519805908203)	,15.701214790344238,265.374267578125,0.043914783746004105,6422786,-1
(30.11522102355957, 41.59282302856445)	,10.69084644317627,245.12777709960938,0.07505911588668823,12059137,-1
(30.678878784179688, 311.8473205566406)	,10.738432884216309,175.75196838378906,0.10128889977931976,12386817,-1
(30.892847061157227, 169.30258178710938)	,4.326205730438232,251.3946075439453,0.0203714556992054,13435136,-1
(30.892847061157227, 169.30258178710938)	,4.326205730438232,327.9643859863281,0.0203714556992054,13435136,-1
(32.07525634765625, 113.9469223022461)	,7.131259441375732,35.054595947265625,0.04987689107656479,16188160,-1
(33.24829864501953, 160.1224822998047)	,10.6116943359375,92.8258056640625,0.057227496057748795,11534849,-1
(33.24829864501953, 160.1224822998047)	,10.6116943359375,258.7024841308594,0.057227496057748795,11534849,-1
(33.24829864501953, 160.1224822998047)	,10.6116943359375,309.92669677734375,0.057227496057748795,11534849,-1
(33.7645378112793, 29.3712215423584)	,3.853558301925659,109.20867919921875,0.030145060271024704,5112064,-1
(33.83393096923828, 99.98133087158203)	,15.023941040039062,84.77349853515625,0.04300372302532196,3211522,-1
(33.83393096923828, 99.98133087158203)	,15.023941040039062,253.93368530273438,0.04300372302532196,3211522,-1
(34.02656173706055, 378.8710632324219)	,27.953235626220703,144.00552368164062,0.07457543164491653,14746370,-1
(34.02656173706055, 378.8710632324219)	,27.953235626220703,337.8478698730469,0.07457543164491653,14746370,-1
(34.55493927001953, 230.18075561523438)	,6.784783840179443,30.720855712890625,0.05199259892106056,12583680,-1
(35.017372131347656, 216.93368530273438)	,15.189993858337402,77.80108642578125,0.04885539039969444,3997954,-1
(35.017372131347656, 216.93368530273438)	,15.189993858337402,110.51156616210938,0.04885539039969444,3997954,-1
(35.29202651977539, 286.1169128417969)	,3.8839995861053467,241.28530883789062,0.01414407230913639,5636352,-1
(35.40650939941406, 244.1798553466797)	,5.4035139083862305,331.1003112792969,0.044691313058137894,12845568,-1
(36.32966613769531, 275.0381774902344)	,9.703009605407715,188.49142456054688,0.065647192299366,5046785,-1
(36.32966613769531, 275.0381774902344)	,9.703009605407715,238.39031982421875,0.065647192299366,5046785,-1
(36.85377883911133, 170.86463928222656)	,3.974933624267578,253.6358642578125,0.02573108673095703,7340288,-1
(37.62245178222656, 148.8453826904297)	,3.76142954826355,94.45037841796875,0.022421380504965782,3342592,-1
(38.22006607055664, 324.12738037109375)	,6.830788612365723,218.0880889892578,0.02786221168935299,13042432,-1
(38.542686462402344, 77.86683654785156)	,6.657026767730713,176.9123077392578,0.04772917553782463,11207424,-1
(39.428794860839844, 193.07196044921875)	,9.389355659484863,48.570159912109375,0.03277336806058884,2687489,-1
(39.428794860839844, 193.07196044921875)	,9.389355659484863,153.2303466796875,0.03277336806058884,2687489,-1
(40.60420608520508, 153.81219482421875)	,4.775691509246826,101.66348266601562,0.02591772936284542,3867136,-1
(40.60420608520508, 153.81219482421875)	,4.775691509246826,190.2936553955078,0.02591772936284542,3867136,-1
(40.64109420776367, 311.4365234375)	,5.406402111053467,179.17861938476562,0.038283735513687134,12845568,-1
(40.64155960083008, 60.59683609008789)	,15.207873344421387,307.4438171386719,0.055415358394384384,4129026,-1
(41.2030143737793, 286.66925048828125)	,3.9957165718078613,241.39706420898438,0.020280933007597923,7733504,-1
(41.25334167480469, 264.0938720703125)	,3.8185811042785645,122.99273681640625,0.024609502404928207,4456704,-1
(41.53866195678711, 181.185302734375)	,15.781257629394531,75.25485229492188,0.038285814225673676,6816002,-1
(41.53866195678711, 181.185302734375)	,15.781257629394531,126.73301696777344,0.038285814225673676,6816002,-1
(41.53866195678711, 181.185302734375)	,15.781257629394531,293.220458984375,0.038285814225673676,6816002,-1
(41.732521057128906, 22.317808151245117)	,14.620013236999512,1.38885498046875,0.06376044452190399,1245442,-1
(42.5810546875, 121.26617431640625)	,10.915696144104004,122.91943359375,0.08522845804691315,13566465,-1
(42.5810546875, 121.26617431640625)	,10.915696144104004,256.9756164550781,0.08522845804691315,13566465,-1
(44.1640739440918, 34.59667205810547)	,5.213956356048584,31.906707763671875,0.04226982221007347,10224128,-1
(44.749855041503906, 366.7149963378906)	,8.11281967163086,146.5153350830078,0.0386531725525856,8782081,-1
(44.81679153442383, 207.08177185058594)	,4.109975814819336,341.3544616699219,0.02860819175839424,9765120,-1
(45.45090866088867, 432.636474609375)	,5.883552551269531,332.4012756347656,0.018913179636001587,2294528,-1
(45.669979095458984, 194.3892364501953)	,4.010862350463867,32.8028564453125,0.024940352886915207,7995648,-1
(45.762611389160156, 236.60858154296875)	,11.206377029418945,50.45953369140625,0.09107394516468048,15467009,-1
(45.762611389160156, 236.60858154296875)	,11.206377029418945,123.80496215820312,0.09107394516468048,15467009,-1
(45.762611389160156, 236.60858154296875)	,11.206377029418945,262.3277587890625,0.09107394516468048,15467009,-1
(46.90502166748047, 41.77061080932617)	,5.006912708282471,38.507720947265625,0.035244420170784,7340544,-1
(46.90502166748047, 41.77061080932617)	,5.006912708282471,324.83050537109375,0.035244420170784,7340544,-1
(47.050880432128906, 108.22550964355469)	,3.882706880569458,119.60243225097656,0.024124205112457275,5636352,-1
(47.42485427856445, 160.02154541015625)	,7.764244079589844,356.66094970703125,0.04613184556365013,5636353,-1
(48.37759017944336, 336.8642578125)	,25.104169845581055,357.04949951171875,0.042238999158144,6947586,-1
(49.35647964477539, 247.8226776123047)	,4.424947261810303,250.29345703125,0.036450400948524475,15073536,-1
(49.56085205078125, 599.767578125)	,52.56754684448242,179.5958709716797,0.021610017865896225,10289923,-1
(50.336204528808594, 51.96076202392578)	,4.3307342529296875,334.6490783691406,0.029452592134475708,13500672,-1
(50.538169860839844, 104.89115142822266)	,9.893933296203613,118.1129150390625,0.02399606443941593,6423041,-1
(51.02354049682617, 94.5907211303711)	,2.939375162124634,257.3255615234375,0.019125178456306458,2229247,-1
(51.21173095703125, 132.80812072753906)	,7.5246734619140625,248.5962371826172,0.04606114327907562,3342593,-1
(51.54384994506836, 275.150390625)	,9.679628372192383,352.49981689453125,0.03311508521437645,4850177,-1
(51.813072204589844, 63.34388732910156)	,8.197936058044434,321.24810791015625,0.041976846754550934,9568513,-1
(52.47184753417969, 201.65542602539062)	,10.929044723510742,166.9085693359375,0.07063482701778412,13632001,-1
(52.47184753417969, 201.65542602539062)	,10.929044723510742,332.2900695800781,0.07063482701778412,13632001,-1
(53.190406799316406, 257.5120849609375)	,15.214958190917969,281.11474609375,0.047311075031757355,4129026,-1
(54.11627960205078, 117.31088256835938)	,4.777544975280762,155.5181884765625,0.047409575432538986,3932672,-1
(54.547813415527344, 303.9147033691406)	,20.961416244506836,27.314697265625,0.04131201654672623,10617346,-1
(54.950035095214844, 212.47598266601562)	,3.191138744354248,256.55792236328125,0.027546197175979614,8127487,-1
(55.47726058959961, 188.5147705078125)	,3.123870611190796,98.959716796875,0.018577218055725098,6620159,-1
(57.194759368896484, 488.77593994140625)	,35.529029846191406,168.7686309814453,0.04684939607977867,15335683,-1
(57.30820846557617, 81.24142456054688)	,5.75085973739624,186.76779174804688,0.026400670409202576,590592,-1
(57.800716400146484, 283.3395080566406)	,4.375124931335449,343.02447509765625,0.029795899987220764,14287104,-1
(57.932254791259766, 222.3980255126953)	,12.494725227355957,114.269287109375,0.038401972502470016,6619905,-1
(59.77256774902344, 234.2200469970703)	,6.594940185546875,35.80523681640625,0.055874302983284,10552064,-1
(60.13140106201172, 125.23513793945312)	,8.170075416564941,173.30728149414062,0.06382540613412857,9306369,-1
(60.45994567871094, 160.72425842285156)	,11.763264656066895,166.5377655029297,0.09244358539581299,2228993,-1
(60.86149215698242, 249.35816955566406)	,5.8860673904418945,325.75701904296875,0.039881631731987,2294528,-1
(60.88161087036133, 80.50688934326172)	,8.343573570251465,189.7843780517578,0.02682986482977867,10813697,-1
(61.249229431152344, 39.52436828613281)	,19.816207885742188,198.5616455078125,0.07559233158826828,6554114,-1
(61.628047943115234, 150.0828399658203)	,3.513540744781494,109.72795104980469,0.034057606011629105,15139839,-1
(61.99008560180664, 64.24549865722656)	,6.917819499969482,197.64187622070312,0.06232438609004021,13959936,-1
(62.00677490234375, 172.21603393554688)	,3.546757221221924,251.47720336914062,0.035292141139507294,15795199,-1
(62.00677490234375, 172.21603393554688)	,3.546757221221924,265.24346923828125,0.035292141139507294,15795199,-1
(62.1212158203125, 200.63710021972656)	,5.60666561126709,175.82522583007812,0.035619329661130905,15467008,-1
(62.5686149597168, 241.5382537841797)	,4.570014953613281,39.7392578125,0.03529267758131027,721408,-1
(62.5686149597168, 241.5382537841797)	,4.570014953613281,320.8746032714844,0.03529267758131027,721408,-1
(62.61482620239258, 80.7715072631836)	,9.574030876159668,197.0999298095703,0.026872023940086365,4063745,-1
(66.39141082763672, 445.127197265625)	,25.711593627929688,246.16844177246094,0.07146865129470825,8651522,-1
(67.32220458984375, 277.760498046875)	,12.109207153320312,179.7842559814453,0.09377888590097427,4326145,-1
(67.37059783935547, 308.1727600097656)	,8.615500450134277,41.52325439453125,0.031743764877319336,13172993,-1
(68.37493896484375, 123.72460174560547)	,5.9375319480896,170.8182373046875,0.03008974902331829,2949888,-1
(68.42240142822266, 266.09375)	,4.03436803817749,91.61358642578125,0.037175633013248444,8388864,-1
(68.49444580078125, 288.8992614746094)	,3.569960117340088,273.84259033203125,0.03535950928926468,16253951,-1
(68.5078125, 288.9915771484375)	,3.642895460128784,268.8497619628906,0.03535626456141472,1048832,-1
(68.63892364501953, 144.12559509277344)	,10.556193351745605,147.85623168945312,0.025725137442350388,11141633,-1
(70.1420669555664, 464.4143981933594)	,4.562000751495361,240.0615692138672,0.044066037982702255,590336,-1
(70.54364013671875, 202.31092834472656)	,5.16441535949707,175.38404846191406,0.047109417617321014,9568768,-1
(71.0686264038086, 160.76608276367188)	,5.802667617797852,175.90438842773438,0.031676240265369415,1245952,-1
(71.34481811523438, 241.75469970703125)	,11.75931167602539,158.8876953125,0.09741204231977463,2228993,-1
(72.7078628540039, 214.95614624023438)	,4.921846866607666,181.55007934570312,0.016283979639410973,6095360,-1
(74.66566467285156, 252.6710968017578)	,3.423734664916992,233.71932983398438,0.03410928696393967,13239295,-1
(74.70694732666016, 252.8807373046875)	,3.617955446243286,241.61463928222656,0.03404026851058006,524544,-1
(75.81090545654297, 450.956787109375)	,11.329623222351074,240.29129028320312,0.05122681334614754,16253441,-1
(75.84003448486328, 277.5153503417969)	,4.2014479637146,173.83551025390625,0.0369829423725605,11337984,-1
(80.6572265625, 422.407470703125)	,10.53662395477295,153.28192138671875,0.05606462433934212,11010561,-1
(82.16124725341797, 241.0798797607422)	,5.656468868255615,168.85939025878906,0.04149012640118599,16122368,-1
(84.90768432617188, 402.1970520019531)	,4.4206085205078125,347.0964050292969,0.01876918226480484,15008000,-1
(87.67572784423828, 89.18075561523438)	,46.53609848022461,358.6025085449219,0.0617416612803936,1442563,-1
(88.54048919677734, 239.87522888183594)	,12.611380577087402,159.0066375732422,0.04274437576532364,7275265,-1
(89.01829528808594, 310.9262390136719)	,5.9914679527282715,160.9080352783203,0.031232163310050964,3605248,-1
(89.0718002319336, 346.5606689453125)	,3.2821500301361084,178.93060302734375,0.013910014182329178,10159103,-1
(89.47667694091797, 395.5068664550781)	,5.309240341186523,16.461517333984375,0.05149001628160477,11534848,-1
(89.47667694091797, 395.5068664550781)	,5.309240341186523,341.9349060058594,0.05149001628160477,11534848,-1
(89.95938110351562, 407.3788146972656)	,4.962472438812256,7.12994384765625,0.037701018154621124,6685184,-1
(90.59049224853516, 458.5422668457031)	,12.994505882263184,243.6649169921875,0.04124223813414574,9437953,-1
(90.81568908691406, 415.88043212890625)	,5.775998115539551,356.1350402832031,0.04448403790593147,918272,-1
(92.47419738769531, 387.9794921875)	,4.605697154998779,70.014404296875,0.041968055069446564,1245696,-1
(92.47419738769531, 387.9794921875)	,4.605697154998779,300.1857604980469,0.041968055069446564,1245696,-1
(93.12406921386719, 354.3379821777344)	,3.9807629585266113,170.4736328125,0.01583203300833702,7405824,-1
(93.39558410644531, 377.1564025878906)	,9.786564826965332,347.6392822265625,0.030757319182157516,5636609,-1
(94.18660736083984, 342.56585693359375)	,4.380022048950195,180.93064880371094,0.014528123661875725,14352640,-1
(95.38742065429688, 401.65850830078125)	,4.443429946899414,267.3592224121094,0.032989151775836945,15401216,-1
(96.0138168334961, 438.0291748046875)	,13.474838256835938,249.19981384277344,0.06593602895736694,12059393,-1
(97.95491027832031, 14.341740608215332)	,5.324563503265381,354.72637939453125,0.018237944692373276,11731456,-1
(97.99907684326172, 411.554931640625)	,3.7765729427337646,141.69744873046875,0.0289999321103096,3604736,-1
(98.8277816772461, 243.4793243408203)	,3.018144130706787,48.951416015625,0.029491499066352844,4129791,-1
(98.9239273071289, 422.58819580078125)	,6.288574695587158,91.9161376953125,0.04689103737473488,7078656,-1
(99.62342071533203, 405.7280578613281)	,7.70764684677124,54.443939208984375,0.027661403641104698,5112065,-1
(99.62342071533203, 405.7280578613281)	,7.70764684677124,153.943359375,0.027661403641104698,5112065,-1
(99.62342071533203, 405.7280578613281)	,7.70764684677124,244.66220092773438,0.027661403641104698,5112065,-1
(99.69039916992188, 394.65509033203125)	,5.964954376220703,182.96881103515625,0.04367700219154358,3277568,-1
(99.69039916992188, 394.65509033203125)	,5.964954376220703,260.8221130371094,0.04367700219154358,3277568,-1
(101.25010681152344, 30.549545288085938)	,5.05812406539917,351.7403869628906,0.02359795570373535,8061440,-1
(101.9917221069336, 350.54718017578125)	,12.048864364624023,172.1351318359375,0.0536094605922699,3998465,-1
(103.1468505859375, 262.5230712890625)	,2.833951473236084,269.8781433105469,0.02831701748073101,16253695,-1
(103.60762786865234, 372.1236877441406)	,4.9962077140808105,356.8725891113281,0.04121728613972664,7143936,-1
(104.44978332519531, 414.0382385253906)	,4.106592178344727,40.375030517578125,0.018686290830373764,9699584,-1
(107.10783386230469, 390.7783508300781)	,5.900712490081787,307.1677551269531,0.05263831093907356,2491136,-1
(108.09624481201172, 288.1494140625)	,34.8066520690918,359.0318908691406,0.067397840321064,13893891,-1
(108.10266876220703, 306.1833190917969)	,4.685212135314941,192.3953094482422,0.013940372504293919,2490880,-1
(109.11174011230469, 338.3159484863281)	,23.838741302490234,352.5144958496094,0.05044156312942505,3212034,-1
(109.30819702148438, 298.2366943359375)	,5.089181423187256,178.1494140625,0.013966013677418232,8520192,-1
(110.01522827148438, 372.3401794433594)	,4.090865612030029,357.89306640625,0.01733170635998249,9437440,-1
(110.33086395263672, 413.6095275878906)	,3.381134510040283,21.464996337890625,0.0224420465528965,12321791,-1
(110.84683227539062, 64.6223373413086)	,6.4616007804870605,348.644775390625,0.026737112551927567,9044736,-1
(111.40225982666016, 333.0258483886719)	,4.8745551109313965,10.548583984375,0.015058216638863087,5374464,-1
(112.1138916015625, 255.09719848632812)	,3.5808188915252686,196.25076293945312,0.06468206644058228,16516095,-1
(112.1138916015625, 255.09719848632812)	,3.5808188915252686,351.138427734375,0.06468206644058228,16516095,-1
(112.4771499633789, 365.6629333496094)	,8.18079948425293,94.5166015625,0.044408708810806274,9371905,-1
(112.4771499633789, 365.6629333496094)	,8.18079948425293,106.13259887695312,0.044408708810806274,9371905,-1
(113.03816986083984, 243.40171813964844)	,6.452739715576172,63.71673583984375,0.04555710032582283,8979200,-1
(116.17185974121094, 96.0970458984375)	,5.383553981781006,1.2393798828125,0.017167625948786736,12583424,-1
(116.42201232910156, 431.5126953125)	,11.822230339050293,247.2762908935547,0.06837008148431778,2622209,-1
(116.79841613769531, 375.2400817871094)	,5.244237422943115,343.3813781738281,0.027369117364287376,10682880,-1
(117.0110855102539, 414.51287841796875)	,5.935155391693115,27.060272216796875,0.04200759530067444,2884352,-1
(117.038330078125, 348.6412048339844)	,5.9843363761901855,3.72943115234375,0.06501396000385284,3474176,-1
(119.38402557373047, 263.9906921386719)	,3.000624895095825,281.6484375,0.029161281883716583,3736575,-1
(120.36312866210938, 253.6939239501953)	,8.232340812683105,283.9453125,0.07035718113183975,9830657,-1
(120.701171875, 407.4340515136719)	,4.200887203216553,339.58935546875,0.04561052471399307,11337984,-1
(122.27594757080078, 359.27215576171875)	,6.817869663238525,117.78195190429688,0.049955081194639206,12911360,-1
(123.99102020263672, 308.119384765625)	,3.4830119609832764,80.89288330078125,0.019989915192127228,14484479,-1
(126.43116760253906, 320.74908447265625)	,11.474286079406738,48.30682373046875,0.06725888699293137,459521,-1
(126.43116760253906, 320.74908447265625)	,11.474286079406738,312.9139099121094,0.06725888699293137,459521,-1
(126.94278717041016, 245.92544555664062)	,3.2845687866210938,1.12847900390625,0.04905025288462639,10224639,-1
(126.94278717041016, 245.92544555664062)	,3.2845687866210938,130.01226806640625,0.04905025288462639,10224639,-1
(128.10374450683594, 258.2066345214844)	,3.1671814918518066,215.01712036132812,0.0427374504506588,7603199,-1
(128.10374450683594, 258.2066345214844)	,3.1671814918518066,347.56634521484375,0.0427374504506588,7603199,-1
(128.15382385253906, 428.0719909667969)	,3.767519474029541,179.26278686523438,0.05493687465786934,3473664,-1
(129.19131469726562, 376.5089111328125)	,8.290928840637207,132.3760986328125,0.04320460557937622,10354945,-1
(129.98080444335938, 354.0889587402344)	,5.433828353881836,120.85343933105469,0.07191745936870575,13238784,-1
(129.98080444335938, 354.0889587402344)	,5.433828353881836,331.1439208984375,0.07191745936870575,13238784,-1
(130.01414489746094, 440.2068176269531)	,11.123479843139648,249.57473754882812,0.040609266608953476,14942721,-1
(131.75344848632812, 309.48638916015625)	,6.268060684204102,2.58349609375,0.04777184873819351,6882048,-1
(131.75344848632812, 309.48638916015625)	,6.268060684204102,82.26483154296875,0.04777184873819351,6882048,-1
(134.2799072265625, 401.6910400390625)	,5.0847601890563965,151.66897583007812,0.026280025020241737,8454656,-1
(134.2799072265625, 401.6910400390625)	,5.0847601890563965,346.4440612792969,0.026280025020241737,8454656,-1
(134.63865661621094, 359.5047607421875)	,3.5159714221954346,14.602386474609375,0.03150226175785065,15139839,-1
(134.63865661621094, 359.5047607421875)	,3.5159714221954346,231.84271240234375,0.03150226175785065,15139839,-1
(135.52947998046875, 429.7163391113281)	,5.331055641174316,253.02227783203125,0.06248820573091507,11862528,-1
(138.7735595703125, 353.2640380859375)	,6.194512844085693,359.09136962890625,0.04098314046859741,5964544,-1
(138.85032653808594, 372.6940002441406)	,7.869360446929932,134.95497131347656,0.04985726624727249,6619393,-1
(138.85032653808594, 372.6940002441406)	,7.869360446929932,343.1202392578125,0.04985726624727249,6619393,-1
(139.41017150878906, 415.28839111328125)	,5.785427570343018,164.7742462158203,0.033846478909254074,1049344,-1
(139.41017150878906, 415.28839111328125)	,5.785427570343018,338.719482421875,0.033846478909254074,1049344,-1
(139.98098754882812, 362.6556701660156)	,4.8069682121276855,320.56512451171875,0.04805222153663635,4391424,-1
(142.7757110595703, 381.5101013183594)	,5.526595592498779,149.1091766357422,0.05621202290058136,14483968,-1
(146.2392120361328, 434.31317138671875)	,8.471274375915527,255.82412719726562,0.03673074021935463,11927809,-1
(146.8626251220703, 410.1997375488281)	,6.62164831161499,340.4732971191406,0.016681229695677757,10814208,-1
(147.37185668945312, 344.9253234863281)	,8.381789207458496,350.14013671875,0.023144779726862907,11141377,-1
(149.97242736816406, 361.092041015625)	,12.865241050720215,357.1439208984375,0.02187536470592022,8717057,-1
(151.9129638671875, 359.3035888671875)	,14.781657218933105,357.97979736328125,0.021577127277851105,2031874,-1
(152.7582244873047, 400.82958984375)	,43.883243560791016,252.65667724609375,0.04776320978999138,13894147,-1
(185.0044403076172, 251.7831268310547)	,5.103687763214111,176.72393798828125,0.038182225078344345,8716800,-1
(185.1955108642578, 339.13311767578125)	,100.33023834228516,10.275726318359375,0.05007293447852135,6882052,-1
(185.98574829101562, 234.73968505859375)	,5.442680358886719,184.5997314453125,0.04448869824409485,13369856,-1
(188.8567352294922, 262.0743408203125)	,3.7915303707122803,152.86444091796875,0.023174023255705833,3932416,-1
(190.55929565429688, 273.7298278808594)	,2.1261215209960938,170.08331298828125,0.02329251356422901,12190207,-1
(192.4422607421875, 270.23785400390625)	,2.2593295574188232,182.71343994140625,0.019984951242804527,16581119,-1
(192.9694366455078, 264.61248779296875)	,2.695268154144287,1.4554443359375,0.016088563948869705,12649215,-1
(193.94924926757812, 196.5365447998047)	,1.9672597646713257,177.72488403320312,0.029064541682600975,6619647,-1
(194.53799438476562, 277.98406982421875)	,2.5254008769989014,155.1975860595703,0.01807456649839878,7930623,-1
(196.2760467529297, 189.28370666503906)	,2.500121593475342,180.02694702148438,0.031172821298241615,7209727,-1
(196.35398864746094, 218.51739501953125)	,2.6511056423187256,163.01528930664062,0.03361811861395836,11469567,-1
(196.57711791992188, 200.45188903808594)	,2.0905919075012207,180.24822998046875,0.03556431084871292,11010559,-1
(196.79278564453125, 165.9635009765625)	,2.707353353500366,195.7318115234375,0.026042968034744263,12976895,-1
(196.8499755859375, 282.1087951660156)	,3.2109646797180176,161.85476684570312,0.01613757200539112,8586239,-1
(197.06175231933594, 203.4513702392578)	,2.778404474258423,177.58041381835938,0.03502067178487778,14877439,-1
(197.7559814453125, 226.81040954589844)	,3.743452548980713,167.3853302001953,0.05151122435927391,3014912,-1
(198.02305603027344, 227.26390075683594)	,3.5213775634765625,166.41160583496094,0.05164206027984619,15270911,-1
(198.30030822753906, 250.4062957763672)	,10.289426803588867,122.45291137695312,0.036360882222652435,9306625,-1
(198.30030822753906, 250.4062957763672)	,10.289426803588867,215.39491271972656,0.036360882222652435,9306625,-1
(198.87841796875, 228.78733825683594)	,2.416961431503296,169.65933227539062,0.052151598036289215,4784895,-1
(199.57701110839844, 292.7558288574219)	,4.613718032836914,148.81788635253906,0.01559121161699295,1376768,-1
(199.8927001953125, 296.7604064941406)	,2.5121703147888184,149.14315795898438,0.013571081683039665,7537407,-1
(200.38650512695312, 165.06370544433594)	,2.044884443283081,189.5919189453125,0.030332131311297417,9372159,-1
(202.71343994140625, 240.23907470703125)	,3.867542266845703,128.88954162597656,0.025176629424095154,5374208,-1
(204.06192016601562, 231.8055419921875)	,7.063907146453857,0.77825927734375,0.043143078684806824,15467264,-1
(204.14149475097656, 255.03489685058594)	,2.7515268325805664,228.28298950195312,0.022619105875492096,14156543,-1
(204.31631469726562, 204.9068603515625)	,2.29013991355896,354.1213073730469,0.015284178778529167,852735,-1
(204.73199462890625, 283.7792053222656)	,5.197220802307129,162.77952575683594,0.021322475746273994,10027520,-1
(204.73199462890625, 283.7792053222656)	,5.197220802307129,343.23089599609375,0.021322475746273994,10027520,-1
(204.86224365234375, 276.5405578613281)	,18.98784065246582,161.22312927246094,0.025226568803191185,3473922,-1
(205.50538635253906, 196.58316040039062)	,2.5720081329345703,4.51019287109375,0.015157113783061504,9241343,-1
(205.78338623046875, 152.20855712890625)	,3.903945207595825,200.71900939941406,0.03702864050865173,6029568,-1
(206.11183166503906, 291.0001220703125)	,2.5531249046325684,103.05850219726562,0.013913716189563274,8717055,-1
(206.18856811523438, 177.8272705078125)	,2.1634318828582764,13.583984375,0.018149957060813904,13435391,-1
(206.61708068847656, 237.7237548828125)	,2.4161581993103027,139.66513061523438,0.041965048760175705,4719359,-1
(207.25143432617188, 259.8247985839844)	,5.003469944000244,216.75509643554688,0.030869876965880394,7275008,-1
(207.84088134765625, 669.2379150390625)	,8.88829231262207,10.5330810546875,0.03578498959541321,15401217,-1
(208.3767547607422, 286.9947204589844)	,2.510052442550659,107.34391784667969,0.02433045580983162,7471871,-1
(208.3767547607422, 286.9947204589844)	,2.510052442550659,329.93963623046875,0.02433045580983162,7471871,-1
(208.37831115722656, 190.326171875)	,1.9142506122589111,12.674285888671875,0.028973041102290154,4588031,-1
(208.37831115722656, 190.326171875)	,1.9142506122589111,50.0924072265625,0.028973041102290154,4588031,-1
(208.37831115722656, 190.326171875)	,1.9142506122589111,185.1546630859375,0.028973041102290154,4588031,-1
(209.6994171142578, 282.0758361816406)	,3.3397324085235596,336.86077880859375,0.015385128557682037,11469823,-1
(209.9705352783203, 215.75929260253906)	,6.380650043487549,1.222564697265625,0.021954670548439026,8127232,-1
(210.3708953857422, 427.7213134765625)	,34.648887634277344,251.96072387695312,0.06863301247358322,13566211,-1
(210.89585876464844, 302.1694030761719)	,4.3027191162109375,199.6842803955078,0.01831122487783432,13041920,-1
(211.00103759765625, 190.33004760742188)	,1.8322728872299194,186.00746154785156,0.018496209755539894,1442303,-1
(211.34548950195312, 136.07550048828125)	,2.920708656311035,204.58193969726562,0.034262917935848236,1770495,-1
(211.4404754638672, 128.89198303222656)	,2.61212420463562,210.76287841796875,0.028741134330630302,10355455,-1
(213.828857421875, 198.1061553955078)	,2.0513389110565186,25.30523681640625,0.014541933313012123,9634303,-1
(214.40553283691406, 151.0670928955078)	,2.371354341506958,12.87506103515625,0.015207427553832531,3408639,-1
(215.1836700439453, 127.57061004638672)	,2.197213649749756,219.54925537109375,0.027931971475481987,14615039,-1
(215.1997833251953, 306.3625793457031)	,2.536264419555664,67.20230102539062,0.026478983461856842,8258303,-1
(215.1997833251953, 306.3625793457031)	,2.536264419555664,205.00811767578125,0.026478983461856842,8258303,-1
(217.27684020996094, 675.927001953125)	,8.905257225036621,11.363067626953125,0.05759524554014206,15532289,-1
(217.39926147460938, 164.93658447265625)	,4.0656867027282715,23.105804443359375,0.013820091262459755,8978688,-1
(218.00241088867188, 604.5238037109375)	,9.790550231933594,4.428466796875,0.061165887862443924,5702145,-1
(220.04420471191406, 139.94137573242188)	,20.621477127075195,209.16299438476562,0.05347459390759468,9437698,-1
(220.9287872314453, 215.93112182617188)	,16.095800399780273,18.93072509765625,0.020585259422659874,8192258,-1
(228.51864624023438, 230.2937469482422)	,2.417024850845337,210.82872009277344,0.015054186806082726,4784895,-1
(229.5009307861328, 253.05398559570312)	,2.2748024463653564,76.12484741210938,0.013927805237472057,393983,-1
(229.5009307861328, 253.05398559570312)	,2.2748024463653564,212.55531311035156,0.013927805237472057,393983,-1
(233.23280334472656, 124.57936096191406)	,1.8870468139648438,251.66778564453125,0.013848856091499329,3604991,-1
(233.23280334472656, 124.57936096191406)	,1.8870468139648438,307.11431884765625,0.013848856091499329,3604991,-1
(233.58489990234375, 398.7717590332031)	,5.4958367347717285,0.5577392578125,0.06462296843528748,14025216,-1
(234.08493041992188, 109.60235595703125)	,1.998551368713379,225.42788696289062,0.024880558252334595,7733759,-1
(234.3187713623047, 223.589599609375)	,4.495037078857422,240.87709045410156,0.023760097101330757,16253184,-1
(234.95263671875, 231.3169708251953)	,6.937930583953857,239.47132873535156,0.04090679809451103,14222080,-1
(236.0940399169922, 530.1499633789062)	,21.930208206176758,7.52789306640625,0.07911214977502823,13894146,-1
(239.19076538085938, 362.705322265625)	,5.471815586090088,161.39981079101562,0.016868576407432556,13763072,-1
(241.21096801757812, 246.27523803710938)	,6.474922180175781,71.18270874023438,0.03968651592731476,9175808,-1
(241.7657470703125, 138.97300720214844)	,5.475701808929443,58.063201904296875,0.01674904115498066,13763072,-1
(241.7657470703125, 138.97300720214844)	,5.475701808929443,76.9061279296875,0.01674904115498066,13763072,-1
(242.1981658935547, 107.5062255859375)	,8.560588836669922,228.47097778320312,0.03164265677332878,12714241,-1
(242.82781982421875, 121.21270751953125)	,1.9703820943832397,235.92977905273438,0.014152796007692814,6685183,-1
(242.96994018554688, 98.5623779296875)	,1.8479982614517212,231.70269775390625,0.024949386715888977,2097663,-1
(243.95668029785156, 480.0270080566406)	,1.9677642583847046,220.86068725585938,0.03556397929787636,6619647,-1
(244.45693969726562, 245.1721954345703)	,2.7928359508514404,30.6485595703125,0.03722422569990158,15205119,-1
(244.45693969726562, 245.1721954345703)	,2.7928359508514404,63.60369873046875,0.03722422569990158,15205119,-1
(244.45693969726562, 245.1721954345703)	,2.7928359508514404,243.3992462158203,0.03722422569990158,15205119,-1
(246.19711303710938, 348.5608825683594)	,3.215656042098999,168.3108673095703,0.01502296980470419,8717311,-1
(246.4221954345703, 483.09625244140625)	,5.233754634857178,222.13327026367188,0.05960417538881302,10486272,-1
(246.85215759277344, 649.466796875)	,54.2493896484375,359.9657897949219,0.03705567494034767,12518147,-1
(246.8587188720703, 94.67720794677734)	,4.059420108795166,235.0008544921875,0.028163135051727295,8847616,-1
(246.85975646972656, 99.67951965332031)	,2.728449583053589,235.47137451171875,0.030899260193109512,13566719,-1
(247.18609619140625, 568.7362060546875)	,4.029895305633545,72.63772583007812,0.027385147288441658,8323328,-1
(250.08187866210938, 334.59716796875)	,2.6792643070220947,9.520538330078125,0.03255245462059975,12190463,-1
(251.05010986328125, 245.0776824951172)	,3.3348076343536377,146.59095764160156,0.06057567521929741,11338751,-1
(251.87057495117188, 252.66209411621094)	,8.796647071838379,119.37025451660156,0.02174372971057892,14680321,-1
(251.8759307861328, 96.0276107788086)	,2.9887866973876953,236.31790161132812,0.03539973124861717,3408895,-1
(252.2782745361328, 354.3426818847656)	,2.6278131008148193,159.03634643554688,0.014917947351932526,10814207,-1
(252.60203552246094, 225.78892517089844)	,7.6082611083984375,264.0457763671875,0.03870821371674538,4129025,-1
(252.82174682617188, 92.4386978149414)	,1.8918308019638062,241.41270446777344,0.02645852230489254,3736063,-1
(253.3700714111328, 344.6431884765625)	,3.2700936794281006,190.81631469726562,0.02202843502163887,9896959,-1
(253.69740295410156, 219.53045654296875)	,2.930506467819214,269.2987060546875,0.023316312581300735,1967103,-1
(253.93014526367188, 240.57516479492188)	,3.0816004276275635,248.51162719726562,0.04000287503004074,5637119,-1
(254.0284881591797, 331.96575927734375)	,2.6912553310394287,15.034210205078125,0.023212891072034836,12518143,-1
(254.13116455078125, 516.9080810546875)	,1.852150321006775,209.24073791503906,0.03654562681913376,2228735,-1
(254.3440704345703, 133.447265625)	,2.5796382427215576,80.23846435546875,0.0166019257158041,9503487,-1
(254.7431182861328, 587.586181640625)	,4.135752201080322,197.85292053222656,0.017907792702317238,10223872,-1
(255.5589141845703, 244.89605712890625)	,2.4513163566589355,148.8858642578125,0.04517751187086105,5767935,-1
(255.9482879638672, 557.6741943359375)	,9.212745666503906,41.135589599609375,0.04454966261982918,1311233,-1
(256.3447265625, 483.95751953125)	,6.025252342224121,51.13909912109375,0.045213766396045685,3998464,-1
(256.3447265625, 483.95751953125)	,6.025252342224121,174.041015625,0.045213766396045685,3998464,-1
(256.5674743652344, 238.8870391845703)	,2.200566530227661,252.15432739257812,0.03379887714982033,14680575,-1
(257.1241455078125, 473.1783752441406)	,6.403144836425781,224.83279418945312,0.07243715971708298,8389376,-1
(257.2323913574219, 520.2247924804688)	,4.307901859283447,193.54132080078125,0.06990870088338852,13172992,-1
(257.2823181152344, 597.338134765625)	,18.967710494995117,64.21630859375,0.025772595778107643,3408386,-1
(257.2823181152344, 597.338134765625)	,18.967710494995117,194.8319091796875,0.025772595778107643,3408386,-1
(257.44091796875, 255.5653076171875)	,3.457401752471924,109.60786437988281,0.020237259566783905,13960191,-1
(257.97674560546875, 242.0290985107422)	,2.4626519680023193,160.41375732421875,0.07882917672395706,6095615,-1
(257.97674560546875, 242.0290985107422)	,2.4626519680023193,194.7474365234375,0.07882917672395706,6095615,-1
(258.0845031738281, 339.69842529296875)	,2.4713735580444336,197.35479736328125,0.015730084851384163,6357759,-1
(258.37725830078125, 325.1424865722656)	,2.8022382259368896,29.292144775390625,0.01762145571410656,15467263,-1
(258.6388244628906, 223.56858825683594)	,1.9122556447982788,270.4195251464844,0.01730901189148426,4522495,-1
(259.0108642578125, 93.2059097290039)	,4.494538307189941,244.0186309814453,0.029831837862730026,16187648,-1
(259.3524169921875, 510.5791320800781)	,3.1473944187164307,192.04095458984375,0.04137338325381279,7144447,-1
(260.2170104980469, 524.108642578125)	,2.900545358657837,198.42271423339844,0.028603030368685722,1246207,-1
(260.8076477050781, 341.63446044921875)	,2.169485092163086,263.6578369140625,0.01878206618130207,13697535,-1
(260.87744140625, 238.58294677734375)	,3.066835880279541,250.86181640625,0.030586497858166695,5309439,-1
(261.2322998046875, 312.8280334472656)	,5.313243389129639,30.42742919921875,0.023901812732219696,11600384,-1
(261.2886047363281, 255.12271118164062)	,3.035093307495117,112.72550964355469,0.019578304141759872,4523007,-1
(262.947509765625, 243.1682891845703)	,8.742380142211914,119.07777404785156,0.0402921661734581,14221569,-1
(264.007568359375, 89.83055114746094)	,2.019594669342041,248.7438201904297,0.02614319697022438,8520191,-1
(264.0809326171875, 530.5858154296875)	,13.12964916229248,210.54248046875,0.05613984912633896,10224385,-1
(264.9031677246094, 473.3186950683594)	,4.729463577270508,10.728302001953125,0.018033096566796303,3211776,-1
(264.9031677246094, 473.3186950683594)	,4.729463577270508,175.69454956054688,0.018033096566796303,3211776,-1
(265.3199157714844, 257.6893310546875)	,2.1972978115081787,84.01968383789062,0.02038072608411312,14615039,-1
(265.67279052734375, 223.5064239501953)	,1.8750272989273071,262.86376953125,0.021397683769464493,3146239,-1
(266.9676513671875, 236.47164916992188)	,23.548290252685547,99.4132080078125,0.06065972149372101,2294530,-1
(266.9676513671875, 236.47164916992188)	,23.548290252685547,271.9609069824219,0.06065972149372101,2294530,-1
(267.041259765625, 349.3853454589844)	,3.3968639373779297,67.69775390625,0.018635952845215797,12649471,-1
(267.041259765625, 349.3853454589844)	,3.3968639373779297,113.39593505859375,0.018635952845215797,12649471,-1
(267.0632019042969, 515.7135009765625)	,6.91881799697876,265.100341796875,0.06765256822109222,14025472,-1
(267.15716552734375, 342.2883605957031)	,2.61720871925354,282.8240966796875,0.02033582516014576,10552063,-1
(267.60498046875, 140.09185791015625)	,10.499144554138184,89.16595458984375,0.020631544291973114,10748417,-1
(268.8759460449219, 547.8141479492188)	,1.9990965127944946,22.25927734375,0.02069556713104248,7733759,-1
(270.8080749511719, 680.7947998046875)	,3.929964065551758,45.818603515625,0.02632947266101837,6488320,-1
(271.4164733886719, 407.2996826171875)	,2.0140886306762695,134.52879333496094,0.015214705839753151,8323583,-1
(271.5406188964844, 243.93751525878906)	,3.1819007396698,23.47918701171875,0.028403034433722496,7930879,-1
(272.13409423828125, 453.2168884277344)	,6.862917423248291,137.39315795898438,0.04694557189941406,13435648,-1
(272.1759948730469, 340.8559875488281)	,2.840669870376587,255.12847900390625,0.018745021894574165,16450303,-1
(272.20672607421875, 460.35894775390625)	,2.560669422149658,246.01730346679688,0.0811452865600586,8979199,-1
(274.09124755859375, 254.1914825439453)	,2.463641405105591,67.1480712890625,0.015840549021959305,6161151,-1
(274.3749694824219, 125.88697814941406)	,13.648920059204102,90.6954345703125,0.021154915913939476,12976897,-1
(274.5853271484375, 364.04144287109375)	,15.6007080078125,113.41590881347656,0.018861114978790283,5964034,-1
(275.0252380371094, 324.03790283203125)	,17.554492950439453,239.00392150878906,0.023541660979390144,14483714,-1
(275.31829833984375, 406.61163330078125)	,3.3109099864959717,128.89712524414062,0.018375933170318604,10814463,-1
(275.87640380859375, 246.4483184814453)	,2.3113133907318115,351.5199279785156,0.020617036148905754,1508095,-1
(276.0676574707031, 237.71624755859375)	,1.890109658241272,308.2692565917969,0.0168323814868927,3670527,-1
(276.9286193847656, 562.4154052734375)	,3.2928504943847656,9.881591796875,0.019044166430830956,10421247,-1
(276.9286193847656, 562.4154052734375)	,3.2928504943847656,181.51344299316406,0.019044166430830956,10421247,-1
(277.7184753417969, 459.5544738769531)	,2.177802085876465,251.549560546875,0.04461272805929184,13959679,-1
(278.3799743652344, 252.60739135742188)	,2.214203357696533,23.105133056640625,0.01336781308054924,15139327,-1
(278.3799743652344, 252.60739135742188)	,2.214203357696533,51.534088134765625,0.01336781308054924,15139327,-1
(278.7020263671875, 341.4123229980469)	,2.586984395980835,255.28289794921875,0.013364480808377266,9700095,-1
(279.3149719238281, 478.0773620605469)	,8.371626853942871,298.514892578125,0.036016494035720825,11075841,-1
(279.9618835449219, 337.2742004394531)	,3.639836072921753,254.47927856445312,0.01506031583994627,983296,-1
(279.990478515625, 337.9823913574219)	,2.2228317260742188,254.92431640625,0.016079602763056755,15401471,-1
(280.5606689453125, 685.4763793945312)	,1.8505653142929077,203.27386474609375,0.03829912468791008,2163199,-1
(280.6910095214844, 307.85833740234375)	,4.540071964263916,249.17462158203125,0.04070783033967018,262656,-1
(280.8287353515625, 300.77288818359375)	,5.90169095993042,252.48974609375,0.023209331557154655,2491136,-1
(281.556884765625, 179.7562255859375)	,52.615966796875,112.20780944824219,0.045892033725976944,10355459,-1
(282.8221130371094, 538.6001586914062)	,4.627218246459961,198.96038818359375,0.030520357191562653,1638912,-1
(283.17242431640625, 447.3641052246094)	,3.2444589138031006,297.8579406738281,0.016362976282835007,9372671,-1
(283.1985778808594, 425.8408203125)	,13.163896560668945,154.17686462402344,0.01499668974429369,10355457,-1
(283.75616455078125, 313.9877014160156)	,2.018702745437622,95.105224609375,0.016314661130309105,8454655,-1
(283.8041687011719, 243.78041076660156)	,1.9126230478286743,128.91433715820312,0.03011099249124527,4522495,-1
(283.8041687011719, 243.78041076660156)	,1.9126230478286743,349.20526123046875,0.03011099249124527,4522495,-1
(284.50555419921875, 462.0377502441406)	,3.0326218605041504,258.61083984375,0.06181740760803223,4457471,-1
(285.1285400390625, 310.6703186035156)	,2.592517852783203,86.61489868164062,0.029105622321367264,9831167,-1
(285.9314880371094, 453.88201904296875)	,2.7715983390808105,62.619232177734375,0.06598129123449326,14680831,-1
(285.9314880371094, 453.88201904296875)	,2.7715983390808105,94.64111328125,0.06598129123449326,14680831,-1
(286.602783203125, 339.11529541015625)	,2.2697200775146484,254.84332275390625,0.016429999843239784,197375,-1
(286.7955627441406, 336.3722229003906)	,1.9848664999008179,256.70074462890625,0.016529597342014313,7209471,-1
(288.36590576171875, 307.12225341796875)	,3.3324551582336426,88.91314697265625,0.055746909230947495,11273215,-1
(288.6151428222656, 236.03311157226562)	,5.259889125823975,33.1728515625,0.016833100467920303,10879488,-1
(288.6151428222656, 236.03311157226562)	,5.259889125823975,347.31317138671875,0.016833100467920303,10879488,-1
(288.7144470214844, 662.7817993164062)	,1.8988555669784546,200.1881103515625,0.014734501950442791,3998207,-1
(289.00274658203125, 463.4725341796875)	,5.41220235824585,298.04974365234375,0.0740206316113472,12911104,-1
(289.17529296875, 312.3523254394531)	,3.9922122955322266,87.08563232421875,0.029471322894096375,7667968,-1
(289.3923645019531, 495.54425048828125)	,31.94992446899414,197.40724182128906,0.06971152126789093,7667971,-1
(291.0162353515625, 413.4999694824219)	,5.925413608551025,132.17739868164062,0.017194118350744247,2753280,-1
(291.090576171875, 351.4844055175781)	,4.222915172576904,96.7891845703125,0.016024399548768997,11731200,-1
(291.1963806152344, 352.0277099609375)	,4.646148681640625,96.65948486328125,0.015780655667185783,1901056,-1
(291.2658386230469, 457.00408935546875)	,4.968064308166504,298.27410888671875,0.05316232144832611,6750720,-1
(291.5953063964844, 346.36822509765625)	,2.454195499420166,98.20880126953125,0.02604205720126629,5899007,-1
(295.0074462890625, 586.6082153320312)	,4.685245990753174,47.74365234375,0.030766667798161507,2490880,-1
(295.6590881347656, 420.1470031738281)	,4.869511604309082,112.62582397460938,0.021414825692772865,5308928,-1
(295.6590881347656, 420.1470031738281)	,4.869511604309082,194.8299560546875,0.021414825692772865,5308928,-1
(296.1885681152344, 296.1358947753906)	,12.106024742126465,184.35556030273438,0.02305673062801361,4326145,-1
(297.9364929199219, 442.5671081542969)	,8.155473709106445,59.6776123046875,0.02802693285048008,9175297,-1
(298.315673828125, 240.69541931152344)	,14.846053123474121,187.92718505859375,0.03785039484500885,2359554,-1
(299.1589050292969, 330.2857666015625)	,6.223452091217041,200.87879943847656,0.014183378778398037,6357760,-1
(299.6811218261719, 322.3394775390625)	,5.583159446716309,191.22947692871094,0.014896303415298462,15204864,-1
(300.1787414550781, 424.0775451660156)	,3.9500343799591064,205.29287719726562,0.019450241699814796,6881536,-1
(300.8506164550781, 77.79505157470703)	,2.642585277557373,270.2684631347656,0.03407185152173042,11207423,-1
(300.9609375, 76.81102752685547)	,4.0138325691223145,271.9197082519531,0.03333316370844841,8061184,-1
(302.4574279785156, 337.9099426269531)	,2.7537641525268555,220.22169494628906,0.017426613718271255,14222079,-1
(303.8584289550781, 80.14875793457031)	,2.227947950363159,268.11505126953125,0.029342124238610268,15598079,-1
(305.676025390625, 313.95770263671875)	,1.8752635717391968,84.95367431640625,0.01532844826579094,3146239,-1
(305.9249267578125, 490.9844970703125)	,5.978052616119385,319.7557373046875,0.020096447318792343,3408640,-1
(307.68585205078125, 353.2444152832031)	,6.016975402832031,114.09431457519531,0.014581163413822651,3867392,-1
(309.15777587890625, 324.56988525390625)	,10.345026969909668,129.58151245117188,0.02489415369927883,9634305,-1
(309.15777587890625, 324.56988525390625)	,10.345026969909668,232.38302612304688,0.02489415369927883,9634305,-1
(310.7591552734375, 343.39324951171875)	,8.244512557983398,122.46878051757812,0.02432933822274208,9961729,-1
(310.7591552734375, 343.39324951171875)	,8.244512557983398,238.75732421875,0.02432933822274208,9961729,-1
(312.74981689453125, 548.8610229492188)	,21.343311309814453,201.0983428955078,0.0811166986823082,11928066,-1
(315.2841796875, 294.92303466796875)	,2.8372929096221924,227.42367553710938,0.01438713725656271,16384767,-1
(315.36407470703125, 306.6233825683594)	,9.861899375915527,208.37547302246094,0.03114364668726921,6226433,-1
(317.3179016113281, 210.24436950683594)	,15.148965835571289,224.15280151367188,0.019499482586979866,3801346,-1
(318.8089599609375, 305.6257019042969)	,3.5675904750823975,68.2020263671875,0.02258663810789585,16253951,-1
(318.8380432128906, 492.3620910644531)	,1.963106393814087,26.102874755859375,0.014695140533149242,6423039,-1
(320.4629821777344, 244.8380584716797)	,17.096519470214844,187.35073852539062,0.03042439930140972,12583170,-1
(325.4544372558594, 291.11602783203125)	,25.884016036987305,184.8697509765625,0.024864088743925095,9175810,-1
(327.33612060546875, 306.3972473144531)	,2.2986648082733154,272.43768310546875,0.01895526610314846,1114879,-1
(328.2605895996094, 298.91790771484375)	,7.0959062576293945,159.4132080078125,0.015191657468676567,15794944,-1
(328.2605895996094, 298.91790771484375)	,7.0959062576293945,323.5622863769531,0.015191657468676567,15794944,-1
(329.2164001464844, 240.45628356933594)	,1.9154901504516602,231.2635040283203,0.01943063549697399,4653567,-1
(329.26239013671875, 232.4305419921875)	,5.1111273765563965,103.8677978515625,0.022288531064987183,8782336,-1
(329.9257507324219, 144.3269805908203)	,13.317547798156738,101.80136108398438,0.01634485088288784,11207425,-1
(330.5495910644531, 247.02890014648438)	,2.117450475692749,68.1907958984375,0.015101133845746517,11928063,-1
(331.4700012207031, 285.1907043457031)	,4.133529186248779,317.5877380371094,0.01690465770661831,10158336,-1
(332.36553955078125, 457.3685302734375)	,40.967464447021484,200.28530883789062,0.0726531445980072,8913411,-1
(332.5157775878906, 242.65090942382812)	,4.45888090133667,5.36962890625,0.02369205839931965,15663360,-1
(336.86370849609375, 238.54110717773438)	,2.0334789752960205,44.527252197265625,0.03449391946196556,8978943,-1
(338.6946105957031, 244.08407592773438)	,1.8439791202545166,291.4898681640625,0.03148500621318817,1901055,-1
(340.1647644042969, 85.70646667480469)	,3.175846815109253,288.4293212890625,0.031613145023584366,7799807,-1
(340.7099609375, 298.32623291015625)	,8.372275352478027,9.301605224609375,0.024053707718849182,11075841,-1
(340.7099609375, 298.32623291015625)	,8.372275352478027,329.0706787109375,0.024053707718849182,11075841,-1
(341.4258117675781, 352.75970458984375)	,62.695064544677734,9.288787841796875,0.04171043634414673,6291716,-1
(341.4258117675781, 352.75970458984375)	,62.695064544677734,187.00746154785156,0.04171043634414673,6291716,-1
(342.7369079589844, 548.6712646484375)	,23.813657760620117,200.1952362060547,0.04370661452412605,3146498,-1
(344.3347473144531, 235.45606994628906)	,2.5979511737823486,78.9268798828125,0.03879450634121895,9962239,-1
(344.3347473144531, 235.45606994628906)	,2.5979511737823486,261.73468017578125,0.03879450634121895,9962239,-1
(346.85711669921875, 238.38914489746094)	,2.3955540657043457,170.642333984375,0.07936176657676697,4129535,-1
(347.21533203125, 341.5993347167969)	,4.86187744140625,67.80831909179688,0.017926068976521492,5177856,-1
(348.21856689453125, 242.82852172851562)	,4.033468246459961,185.50521850585938,0.030226681381464005,8388864,-1
(349.38232421875, 235.3573455810547)	,2.6868820190429688,268.5854187011719,0.03519086167216301,12452607,-1
(349.8278503417969, 85.39627838134766)	,3.18481707572937,286.7716369628906,0.03251731023192406,7996415,-1
(350.8745422363281, 89.48135375976562)	,3.2626588344573975,287.2604675292969,0.033090587705373764,9765887,-1
(350.97210693359375, 227.2442169189453)	,2.8604907989501953,84.87936401367188,0.013396634720265865,263167,-1
(351.2822265625, 236.37196350097656)	,3.922422170639038,267.2492370605469,0.03462008014321327,6357248,-1
(352.0467529296875, 240.61668395996094)	,7.5788493156433105,166.22592163085938,0.03593982383608818,3866881,-1
(352.36285400390625, 576.7116088867188)	,4.401771068572998,6.53240966796875,0.05792240425944328,14680320,-1
(352.36285400390625, 576.7116088867188)	,4.401771068572998,281.5729064941406,0.05792240425944328,14680320,-1
(352.67681884765625, 231.20286560058594)	,3.967205047607422,88.6363525390625,0.039004821330308914,7209216,-1
(352.67681884765625, 231.20286560058594)	,3.967205047607422,267.1444091796875,0.039004821330308914,7209216,-1
(353.06036376953125, 569.1878662109375)	,3.46661639213562,18.812255859375,0.04113031551241875,14156799,-1
(353.06036376953125, 569.1878662109375)	,3.46661639213562,91.73687744140625,0.04113031551241875,14156799,-1
(354.4488525390625, 307.3992919921875)	,11.381379127502441,11.64776611328125,0.020954100415110588,16581121,-1
(354.81634521484375, 87.31831359863281)	,2.2708585262298584,290.09490966796875,0.027050292119383812,262911,-1
(358.7726745605469, 236.0045928955078)	,3.2861790657043457,271.30877685546875,0.023035729303956032,10290175,-1
(359.8033752441406, 211.3693084716797)	,7.6204142570495605,266.593994140625,0.018842147663235664,4260097,-1
(359.9453125, 404.0251159667969)	,2.14072847366333,50.01708984375,0.021742654964327812,12714495,-1
(360.8687438964844, 250.60768127441406)	,4.365616798400879,86.4527587890625,0.013790933415293694,14090496,-1
(361.7441711425781, 241.05764770507812)	,3.3994224071502686,32.502288818359375,0.02201130986213684,12715007,-1
(362.4477233886719, 273.64324951171875)	,23.646194458007812,109.88038635253906,0.02037871815264225,2622210,-1
(362.7734680175781, 338.7594299316406)	,2.020329713821411,3.32427978515625,0.025995789095759392,8520191,-1
(364.3702697753906, 351.53485107421875)	,4.314863681793213,2.664306640625,0.025283055379986763,13238528,-1
(364.3702697753906, 351.53485107421875)	,4.314863681793213,219.46144104003906,0.025283055379986763,13238528,-1
(365.31640625, 574.9190673828125)	,12.432353019714355,100.42233276367188,0.07441729307174683,6226689,-1
(367.53851318359375, 451.64117431640625)	,1.9713356494903564,202.41107177734375,0.016401030123233795,6750719,-1
(371.2676086425781, 242.52215576171875)	,6.727840423583984,129.14735412597656,0.016441350802779198,11993856,-1
(372.37335205078125, 97.88655853271484)	,1.8642351627349854,313.0350341796875,0.0334661528468132,2687487,-1
(379.575439453125, 399.7772521972656)	,14.983363151550293,203.2634735107422,0.06186152622103691,3014914,-1
(380.9869079589844, 235.19650268554688)	,80.43179321289062,9.53729248046875,0.04930410906672478,7602692,-1
(385.32806396484375, 388.8763732910156)	,9.99789047241211,192.32623291015625,0.06269756704568863,7209473,-1
(386.5615234375, 116.39900970458984)	,6.510697841644287,313.8297119140625,0.037416011095047,9569024,-1
(389.0677185058594, 111.14701080322266)	,3.252145767211914,310.9081726074219,0.03322264552116394,9503743,-1
(389.6077575683594, 366.1597900390625)	,1.8690656423568726,309.5652770996094,0.07644286006689072,2884095,-1
(392.4682922363281, 354.7611999511719)	,13.134169578552246,14.5120849609375,0.043497830629348755,10224385,-1
(394.23370361328125, 122.36100769042969)	,4.168124675750732,316.6329650878906,0.03714801371097565,10748160,-1
(398.8377380371094, 121.90708923339844)	,2.1886918544769287,318.4078369140625,0.03335997462272644,14287359,-1
(401.0545959472656, 379.5483703613281)	,1.9729734659194946,330.2724914550781,0.04091887176036835,6816255,-1
(405.67474365234375, 312.125244140625)	,7.241889953613281,26.9498291015625,0.043609388172626495,590081,-1
(405.67474365234375, 312.125244140625)	,7.241889953613281,57.43353271484375,0.043609388172626495,590081,-1
(407.4754638671875, 232.48753356933594)	,4.459530830383301,178.3428192138672,0.020132141187787056,15663360,-1
(408.3720703125, 242.0684356689453)	,1.9615411758422852,22.14404296875,0.015542598441243172,6357503,-1
(408.45501708984375, 305.03887939453125)	,4.009861946105957,86.91851806640625,0.04217914119362831,7930112,-1
(409.1050720214844, 194.9398956298828)	,2.06557035446167,163.4784698486328,0.014123231172561646,10093055,-1
(409.1217041015625, 282.5135192871094)	,2.7844269275665283,193.08636474609375,0.016685795038938522,15008511,-1
(410.0912170410156, 138.26828002929688)	,2.715245485305786,336.2715759277344,0.033123426139354706,13173503,-1
(410.9322509765625, 224.12754821777344)	,2.7668840885162354,10.8089599609375,0.014129136689007282,14549759,-1
(411.1878662109375, 213.0503692626953)	,11.168543815612793,1.537017822265625,0.03639623522758484,15204865,-1
(411.6637268066406, 255.5209503173828)	,5.44377326965332,163.6890869140625,0.024849148467183113,13369856,-1
(411.6637268066406, 255.5209503173828)	,5.44377326965332,332.8448486328125,0.024849148467183113,13369856,-1
(412.3711853027344, 143.29623413085938)	,2.7559680938720703,335.3399658203125,0.03498835861682892,14287615,-1
(416.0942687988281, 202.97833251953125)	,5.475083827972412,8.286895751953125,0.041279975324869156,13763072,-1
(417.1731262207031, 450.9850158691406)	,61.4827766418457,288.87664794921875,0.058484334498643875,4849924,-1
(417.8981628417969, 179.99972534179688)	,2.692039728164673,351.4185791015625,0.036324210464954376,12583679,-1
(418.210205078125, 223.98672485351562)	,2.728156089782715,15.58746337890625,0.06771588325500488,13501183,-1
(418.210205078125, 223.98672485351562)	,2.728156089782715,250.98733520507812,0.06771588325500488,13501183,-1
(418.3179931640625, 275.0582275390625)	,15.245959281921387,25.40380859375,0.04667936637997627,4260098,-1
(419.1557922363281, 168.78468322753906)	,2.101191282272339,352.0683288574219,0.03512932360172272,11338239,-1
(419.87750244140625, 175.51116943359375)	,2.1521260738372803,356.2604675292969,0.03728567436337471,13107711,-1
(419.96405029296875, 282.5121765136719)	,1.9354362487792969,230.6547088623047,0.014556340873241425,5439999,-1
(421.0382995605469, 182.3129119873047)	,2.2226850986480713,353.4225158691406,0.02987234853208065,15401471,-1
(421.37689208984375, 175.98291015625)	,4.524623870849609,352.80499267578125,0.036623336374759674,16711936,-1
(421.3900451660156, 209.051513671875)	,5.088685035705566,6.961212158203125,0.036162782460451126,8454656,-1
(427.8828125, 274.9457702636719)	,2.0005738735198975,13.73541259765625,0.03150196000933647,7799295,-1
(430.3790588378906, 231.04483032226562)	,6.478564739227295,341.6510314941406,0.05291847884654999,9241344,-1
(432.093017578125, 398.7632141113281)	,21.287580490112305,303.1163330078125,0.04753384366631508,11731458,-1
(439.5115966796875, 271.1591491699219)	,15.51520824432373,19.602508544921875,0.030080825090408325,5570818,-1
