3 161
3 147
4 167		
5 118
5 346
5 201
5 201
5 298
5 322
6 304
7 80
7 227
7 242
8 55
8 46
9 132
9 121
10 112
10 24
11 168
12 39
12 271
12 271
12 95
12 212
12 212
14 310
14 149
14 535
14 282
14 139
14 139
14 77
14 260
14 177
15 358
16 203
16 59
17 86
17 188
17 317
17 69
18 235
18 235
18 235
18 235
19 101
19 21
20 155
20 114
20 114
21 50
21 340
21 105
21 4
21 129
22 246
22 375
22	375
22	375
22	223
22	34	
23	166
23	318
24	271
24	304
25	229
25	229
26	78	
26	78	
26	78	
27	282
27	543
29	67	
29	7	
29	567
29	567
29	90	
29	254
29	254
30	41	
30	311
30	169
30	169
32	113
33	160
33	160
33	160
33	29	
33	99	
33	99	
34	378
34	378
34	230
35	216
35	216
35	286
35	244
36	275
36	275
36	170
37	148
38	324
38	77	
39	193
39	193
40	153
40	153
40	311
40	60	
41	286
41	264
41	181
41	181
41	181
41	22	
42	  121	
42	  121	
44	34	
44	366
44	207
45	432
45	194
45	236
45	236
45	236
46	41	
46	41	
47	108
47	160
48	336
49	247
49	599
50	51	
50	104
51	94	
51	132
51	275
51	63	
52	201
52	201
53	257
54	117
54	303
54	212
55	188
57	488
57	81	
57	283
57	222
59	234
60	125
60	160
60	249
60	80	
61	39	
61	150
61	64	
62	172
62	172
62	200
62	241
62	241
62	80	
66	445
67	277
67	308
68	123
68	266
68	288
68	   288		
68	144
70	464
70	202
71	160
71	241
72	214
74	252
74	252
75	450
75	277
80	   422	
82	241
84	402
87	89	
88	239
89	310
89	346
89	395
89	395
89	407
90	458
90	415
92	387
92	387
93	354
93	377
94	342
95	401
96	438
97	14	
97	411
98	243
98	422
99	405
99	405
99	405
99	394
99	394
101	30	
101	350
103	262
103	372
104	414
107	390
108	288
108	306
109	338
109	298
110	372
110	413
110	64	
111	333
112	255
112	255
112	365
112	365
113	243
116	96	
116	431
116	375
117	414
117	348
119	263
120	253
120	   407	
122	359
123	308
126	320
126	320
126	245
126	245
128	258
128	258
128	428
129	376
129	354
129	354
130	440
131	309
131	309
134	401
134	401
134	359
134	359
135	429
138	353
138	372
138	372
139	415
139	415
139	362
142	381
146	434
146	410
147	344
149	361
151	359
152	400
185	251
185	339
185	234
188	262
190	273
192	270
192	264
193	196
194	277
196	189
196	218
196	200
196	165
196	282
197	203
197	226
198	227
198	250
198	250
198	   228	
199	292
199	296
200	165
202	240
204	231
204	255
204	204
204	283
204	283
204	276
205	196
205	152
206	291
206	177
206	237
207	259
207	669
208	286
208	286
208	190
208	190
208	190
209	282
209	215
210	427
210	302
211	190
211	136
211	128
213	198
214	151
215	127
215	306
215	306
217	675
217	164
218	604
220	139
220	215
228	230
229	253
229	253
233	124
233	124
233	398
234	109
234	223
234	   231	
236	530
239	362
241	246
241	138
241	138
242	107
242	121
242	98	
243	480
244	245
244	245
244	245
246	348
246	483
246	649
246	94	
246	99	
247	568
250	334
251	245
251	252
251	96	
252	354
252	225
252	92	
253	344
253	219
253	240
254	331
254	516
254	133
254	587
255	244
255	557
256	   483	
256	   483	
256	238
257	473
257	520
257	597
257	597
257	   255	
257	242
257	242
258	339
258	325
258	223
259	93	
259	510
260	524
260	341
260	   238	
261	312
261	255
262	243
264	89	
264	530
264	473
264	473
265	257
265	223
266	236
266	236
267	349
267	349
267	515
267	342
267	   140	
268	547
270	680
271	407
271	243
272	453
272	340
272	460
274	254
274	125
274	364
275	324
275	406
275	246
276	237
276	562
276	562
277	459
278	252
278	252
278	341
279	478
279	337
279	337
280	685
280	307
280	300
281	179
282	538
283	447
283	425
283	313
283	243
283	243
284	462
285	310
285	453
285	453
286	339
286	336
288	307
288	236
288	236
288	662
289	463
289	   312	
289	495
291	413
291	351
291	352
291	457
291	346
295	586
295	420
295	420
296	296
297	442
298	240
299	330
299	322
300	424
300	77	
300	   76		
302	337
303	80	
305	313
305	490
307	353
309	324
309	324
310	343
310	343
312	548
315	   294	
315	306
317	210
318	305
318	492
320	244
325	291
327	306
328	298
328	298
329	240
329	232
329	144
330	247
331	285
332	457
332	242
336	238
338	244
340	85	
340	  298		
341	352
341	352
342	548
344	235
344	235
346	238
347	   341	
348	242
349	   235	
349	85	
350	89	
350	227
351	   236	
352	240
352	576
352	576
352	231
352	231
353	569
353	569
354	307
354	87	
358	236
359	211
359	   404		
360	250
361	241
362	273
362	338
364	351
364	351
365	   574	
367	451
371	242
372	97	
379	399
380	235
385	388
386	   116	
389	111
389	366
392	354
394	122
398	121
401	379
405	312
405	312
407	232
408	   242	
408	305
409	194
409	282
410	138
410	224
411	213
411	255
411	255
412	143
416	202
417	450
417	179
418	223
418	223
418	275
419	168
419	175
419	282
421	182
421	175
421	209
427	   274		
430	231
432	398
439	271
